,Santa Clara +Tests,Santa Clara -Tests,San Mateo +Tests,San Mateo -Tests,San Francisco +Tests,San Francisco -Tests,San Francisco Tested,Marin Tested,Sonoma Tested,Napa Tested,Contra Costa Tested
2020-02-28,,,1,3,,,,,,,
2020-02-29,,,0,1,,,,,,,
2020-03-01,,,0,1,,,,,,,11.0
2020-03-02,,,0,1,0.0,3.0,3.0,,,,11.0
2020-03-03,,,0,0,0.0,2.0,5.0,,,,12.0
2020-03-04,,,4,3,0.0,3.0,8.0,,,,19.0
2020-03-05,,,2,5,2.0,6.0,16.0,,,,21.0
2020-03-06,,,1,9,5.0,13.0,34.0,,,,26.0
2020-03-07,,,4,4,1.0,17.0,52.0,,,,26.0
2020-03-08,,,5,2,6.0,15.0,73.0,,,,35.0
2020-03-09,,,7,28,1.0,2.0,76.0,,,,39.0
2020-03-10,,,5,22,1.0,25.0,102.0,,,,55.0
2020-03-11,,,3,48,8.0,18.0,128.0,,,,74.0
2020-03-12,,,14,56,6.0,45.0,179.0,,,,103.0
2020-03-13,,,21,80,5.0,72.0,256.0,,,,149.0
2020-03-14,,,19,46,1.0,39.0,296.0,,,,156.0
2020-03-15,,,12,114,4.0,15.0,315.0,,,,180.0
2020-03-16,,,17,175,12.0,98.0,425.0,,,,222.0
2020-03-17,23.0,174.0,14,236,7.0,67.0,499.0,,,,307.0
2020-03-18,21.0,263.0,24,155,11.0,68.0,578.0,,,,392.0
2020-03-19,34.0,350.0,13,202,12.0,112.0,702.0,,,,469.0
2020-03-20,52.0,311.0,29,210,13.0,77.0,792.0,,,,610.0
2020-03-21,43.0,333.0,16,176,23.0,176.0,991.0,357.0,357.0,,863.0
2020-03-22,50.0,392.0,24,242,26.0,181.0,1198.0,357.0,357.0,,1100.0
2020-03-23,50.0,466.0,49,386,34.0,183.0,1415.0,430.0,430.0,95.0,1289.0
2020-03-24,61.0,639.0,41,315,30.0,148.0,1593.0,527.0,527.0,116.0,1440.0
2020-03-25,72.0,677.0,40,253,52.0,391.0,2036.0,527.0,527.0,117.0,1867.0
2020-03-26,54.0,529.0,41,277,41.0,233.0,2310.0,627.0,627.0,116.0,2210.0
2020-03-27,76.0,665.0,40,248,36.0,362.0,2708.0,681.0,681.0,116.0,2589.0
2020-03-28,67.0,673.0,27,149,33.0,244.0,2985.0,681.0,681.0,240.0,2952.0
2020-03-29,52.0,644.0,14,89,46.0,347.0,3378.0,681.0,681.0,260.0,3365.0
2020-03-30,51.0,481.0,33,259,37.0,248.0,3663.0,681.0,681.0,260.0,3583.0
2020-03-31,73.0,562.0,30,205,27.0,234.0,3924.0,716.0,716.0,322.0,3884.0
2020-04-01,62.0,656.0,35,244,45.0,226.0,4195.0,774.0,774.0,391.0,4090.0
2020-04-02,54.0,500.0,22,224,56.0,281.0,4532.0,774.0,774.0,409.0,4507.0
2020-04-03,46.0,511.0,18,223,65.0,377.0,4974.0,1337.0,1337.0,409.0,4943.0
2020-04-04,52.0,577.0,15,105,23.0,167.0,5164.0,1337.0,1337.0,486.0,2562.0
2020-04-05,47.0,400.0,5,82,23.0,214.0,5401.0,1485.0,1485.0,486.0,5607.0
2020-04-06,64.0,376.0,29,244,54.0,355.0,5810.0,1485.0,1485.0,486.0,5841.0
2020-04-07,39.0,446.0,16,229,42.0,264.0,6116.0,1485.0,1485.0,486.0,6034.0
2020-04-08,37.0,608.0,10,237,65.0,346.0,6527.0,1485.0,1485.0,627.0,6322.0
2020-04-09,54.0,582.0,10,238,71.0,510.0,7108.0,1956.0,1956.0,662.0,6726.0
2020-04-10,66.0,582.0,12,258,71.0,369.0,7548.0,1956.0,1956.0,703.0,6947.0
2020-04-11,68.0,534.0,11,123,35.0,350.0,7933.0,1956.0,1956.0,703.0,7044.0
2020-04-12,42.0,410.0,5,96,45.0,269.0,8247.0,2081.0,2081.0,715.0,7490.0
2020-04-13,54.0,274.0,14,258,64.0,378.0,8689.0,2145.0,2145.0,726.0,7743.0
2020-04-14,46.0,524.0,26,273,41.0,447.0,9177.0,2145.0,2145.0,731.0,7993.0
2020-04-15,37.0,528.0,9,150,66.0,466.0,9709.0,,,,
2020-04-16,36.0,556.0,4,63,60.0,445.0,10214.0,,,,
